OSCAR 7 (AO-7)          
1 07530U 74089B   26257.54007877 -.00000046  00000+0  36753-5 0  9992
2 07530 101.9919 271.7209 0012040 322.1588 206.0208 12.53699636371718
PHASE 3B (AO-10)        
1 14129U 83058B   26253.81923402 -.00000299  00000+0  00000+0 0  9997
2 14129  25.9748 205.5539 5983154 139.1490 286.0555  2.05871418297257
UOSAT 2 (UO-11)         
1 14781U 84021B   26257.61916841  .00000985  00000+0  10536-3 0  9993
2 14781  97.8169 222.2563 0006105 243.8111 116.2480 14.90990555270454
LUSAT (LO-19)           
1 20442U 90005G   26257.48512804  .00000054  00000+0  36164-4 0  9992
2 20442  98.8823 281.7394 0010635 307.5219  52.4997 14.34143814915192
EYESAT A (AO-27)        
1 22825U 93061C   26257.43183635  .00000066  00000+0  42092-4 0  9995
2 22825  98.6797 324.7758 0008151 190.9932 169.1074 14.30961131719768
ITAMSAT (IO-26)         
1 22826U 93061D   26257.17488645  .00000067  00000+0  42004-4 0  9990
2 22826  98.6745 324.4460 0008986 175.1252 185.0020 14.31389938720046
RADIO ROSTO (RS15)      
1 23439U 94085A   26257.42586329 -.00000047  00000+0 -12683-3 0  9993
2 23439  64.8161 158.8915 0159111 347.8316  11.8785 11.27583975305967
JAS-2 (FO-29)           
1 24278U 96046B   26257.54820134 -.00000014  00000+0  22835-4 0  9996
2 24278  98.5169  94.1692 0349148 224.4162 132.8488 13.53277998485256
TECHSAT 1B (GO-32)      
1 25397U 98043D   26257.41299807  .00000025  00000+0  30886-4 0  9997
2 25397  99.0152 252.4556 0001057  13.7115 346.4091 14.24442711464038
ISS (ZARYA)             
1 25544U 98067A   26257.33674862  .00004921  00000+0  97059-4 0  9990
2 25544  51.6309 218.8707 0004933 140.1115 220.0237 15.49109585585574
PCSAT (NO-44)           
1 26931U 01043C   26256.72239409  .00000058  00000+0  52735-4 0  9994
2 26931  67.0528  15.2724 0005736 272.4834  87.5611 14.31983338303123
SAUDISAT 1C (SO-50)     
1 27607U 02058C   26257.29580827  .00000780  00000+0  10940-3 0  9991
2 27607  64.5515 213.2481 0072027 246.1134 113.2415 14.83210726277670
CUTE-1 (CO-55)          
1 27844U 03031E   26257.46130458  .00000192  00000+0  10189-3 0  9998
2 27844  98.6770 264.9125 0008426 289.0249  71.0017 14.24381067204386
CUBESAT XI-IV (CO-57)   
1 27848U 03031J   26257.49476793  .00000148  00000+0  84046-4 0  9995
2 27848  98.6802 264.5861 0008535 310.1780  49.8651 14.23659826204080
MOZHAETS 4 (RS22)       
1 27939U 03042A   26257.64303377  .00000751  00000+0  12362-3 0  9993
2 27939  98.3474  84.5548 0011175 351.6964  73.0743 14.73599550228723
CUBESAT XI-V            
1 28895U 05043F   26256.38689568  .00000953  00000+0  15723-3 0  9995
2 28895  98.3101  53.9328 0012785 287.3059  72.6748 14.72823236114731
CUTE-1.7+APD II (CO-65) 
1 32785U 08021C   26257.58672523  .00003914  00000+0  24374-3 0  9995
2 32785  97.8375 240.9600 0010412  85.5140 274.7277 15.10158345998687
SEEDS II (CO-66)        
1 32791U 08021J   26257.49190771  .00015839  00000+0  46048-3 0  9993
2 32791  97.7563 259.8729 0003053  42.2885 317.8593 15.35546557   971
YUBILEINY (RS30)        
1 32953U 08025A   26257.59011274  .00000082  00000+0  51836-3 0  9993
2 32953  82.5024 299.8381 0020694 115.6735 244.6485 12.43183200830800
KKS-1 (KISEKI)          
1 33499U 09002H   26257.57593830  .00001048  00000+0  13475-3 0  9996
2 33499  98.1161 181.4303 0008115  11.0157 349.1233 14.83313421949441
SWISSCUBE               
1 35932U 09051B   26257.17516900  .00000727  00000+0  15278-3 0  9999
2 35932  98.3945 166.5801 0005717 304.2301  55.8358 14.62622865902166
BEESAT-1                
1 35933U 09051C   26256.68406000  .00000601  00000+0  13012-3 0  9999
2 35933  98.3870 165.5285 0004532 325.8317  34.2591 14.61838259902119
ITUPSAT1                
1 35935U 09051E   26256.68420965  .00000565  00000+0  12647-3 0  9999
2 35935  98.3950 164.6240 0006933 334.1895  25.8958 14.60549775901654
XIWANG-1 (HOPE-1)       
1 36122U 09072B   26257.61875503  .00000057  00000+0  26617-3 0  9995
2 36122 100.4119 210.0516 0008013  33.6610 326.5011 13.16441242804770
O/OREOS (USA 219)       
1 37224U 10062C   26256.38598693  .00001608  00000+0  15629-3 0  9999
2 37224  71.9679 240.5010 0016591 259.0313 100.8992 14.94031760129811
JUGNU                   
1 37839U 11058B   26257.03015134  .00000409  00000+0  73973-4 0  9999
2 37839  19.9599 128.6587 0018474 337.7588 165.6952 14.13797943771610
SRMSAT                  
1 37841U 11058D   26257.07776403  .00000374  00000+0  59220-4 0  9999
2 37841  19.9710 241.4257 0011984 101.9182 322.2174 14.11592249770397
STRAND-1                
1 39090U 13009E   26257.44890170  .00000177  00000+0  73725-4 0  9991
2 39090  98.3970  75.5185 0008004 331.4695  28.6053 14.37206466709888
ZACUBE-1 (TSHEPISOSAT)  
1 39417U 13066B   26256.84340603  .00004466  00000+0  34173-3 0  9999
2 39417  97.8139 219.6344 0039854 316.6251  43.1839 15.01798687694037
GOMX-1                  
1 39430U 13066Q   26257.58553654  .00001380  00000+0  21164-3 0  9996
2 39430  97.6433  92.4140 0128579 149.5948 211.2798 14.69693358683040
CUBEBUG-2 (LO-74)       
1 39440U 13066AA  26257.13862932  .00003454  00000+0  31672-3 0  9999
2 39440  97.8982 206.5592 0058665  92.2567 268.5372 14.94259901690276
FUNCUBE-1 (AO-73)       
1 39444U 13066AE  26257.38182517  .00005083  00000+0  30804-3 0  9990
2 39444  97.8384 230.8097 0033425 259.5309 100.2152 15.10585012693124
UWE-3                   
1 39446U 13066AG  26257.29854036  .00004110  00000+0  34884-3 0  9996
2 39446  97.8798 214.0443 0049176  24.7230 335.6333 14.97547557690914
UNISAT-6                
1 40012U 14033C   26256.93908458  .00001939  00000+0  21006-3 0  9998
2 40012  97.8003  48.1761 0045646 134.6536 225.8416 14.88620703659362
DUCHIFAT-1              
1 40021U 14033M   26256.70989409  .01461434  15217-2  15218-2 0  9995
2 40021  98.0135 330.2930 0008231 258.3689 101.6670 16.10844302669719
QB50P1                  
1 40025U 14033R   26256.56037891  .00005373  00000+0  25711-3 0  9998
2 40025  98.0961 273.9897 0006880 285.5654  74.4818 15.19434390666445
LILACSAT-2              
1 40908U 15049K   26257.58457762  .00015577  00000+0  24002-3 0  9991
2 40908  97.4558 297.9643 0004587 287.9301  72.1452 15.54264617609620
FOX-1A (AO-85)          
1 40967U 15058D   26256.47575324  .00001376  00000+0  12992-3 0  9995
2 40967  64.7758   4.5067 0138042  23.5236 337.2107 14.91385543126731
CAS-2T & KS-1Q          
1 41847U 16066G   26257.23211286  .00000860  00000+0  13003-3 0  9993
2 41847  98.3755 331.9432 0340497 219.1767 138.4327 14.44840123517651
RADFXSAT (FOX-1B)       
1 43017U 17073E   26257.40839724  .00006482  00000+0  27555-3 0  9998
2 43017  97.4553 122.8013 0148012  20.8764 339.8426 15.13898921478887
DIWATA-2B               
1 43678U 18084H   26257.58892425  .00001270  00000+0  10533-3 0  9998
2 43678  98.1170  97.7328 0011556 228.5182 131.5049 15.00725797429627
ES'HAIL 2               
1 43700U 18090A   26257.22385742  .00000136  00000+0  00000+0 0  9995
2 43700   0.0145 117.7179 0002579  87.2981 254.5921  1.00274976 28573
FOX-1CLIFF (AO-95)      
1 43770U 18099N   26257.62311903  .00008878  00000+0  32330-3 0  9999
2 43770  97.4286 317.6039 0009013  41.0365 319.1551 15.28407823426872
ITASAT                  
1 43786U 18099AE  26257.11805822  .00005342  00000+0  25051-3 0  9993
2 43786  97.3936 306.8722 0013328  47.6971 312.5391 15.20014418426413
JY1SAT (JO-97)          
1 43803U 18099AX  26257.40456493  .00013172  00000+0  37443-3 0  9999
2 43803  97.4033 320.6747 0004078 322.4190  37.6768 15.36281570427317
UWE-4                   
1 43880U 18111E   26256.79245483  .00037613  00000+0  63234-3 0  9998
2 43880  97.5820 189.6194 0007370  27.6586 332.5056 15.51636958424491
TIANYAN 01              
1 44881U 19093C   26257.63421118  .00001111  00000+0  13102-3 0  9998
2 44881  97.7460 327.6546 0014161 146.8904 213.3201 14.86635171364702
RS-44 & BREEZE-KM R/B   
1 44909U 19096E   26257.52050106  .00000013  00000+0  15325-4 0  9995
2 44909  82.5172 280.3462 0216440 295.6457  62.2427 12.79749361313776
SALSAT                  
1 46495U 20068K   26257.26571775  .00005740  00000+0  19484-3 0  9990
2 46495  97.8883 265.8489 0009220   1.1573 358.9687 15.30910957328981
XW-3 (CAS-9)            
1 50466U 21131B   26257.60313410  .00000385  00000+0  13242-3 0  9999
2 50466  98.4979 349.5066 0004059 173.2704 186.8540 14.41424867247998
GREENCUBE (IO-117)      
1 53109U 22080E   26257.05265458 -.00000003  00000+0  00000+0 0  9999
2 53109  70.1212 267.3355 0009219 270.3545  89.6058  6.42583783 97773
UMKA 1 (RS40S)          
1 57172U 23091G   26257.61593191  .00004448  00000+0  19941-3 0  9990
2 57172  97.4954 315.9794 0013013 160.6053 199.5680 15.21672188177609
CUBESX-HSE 3 (RS42S)    
1 57178U 23091N   26257.44797265  .00010260  00000+0  32190-3 0  9995
2 57178  97.5001 324.2502 0011347 130.7506 229.4722 15.33175488178096
MONITOR-3 (RS58S)       
1 57180U 23091Q   26257.61617786  .00008404  00000+0  29698-3 0  9992
2 57180  97.4990 321.7761 0012233 138.7673 221.4493 15.29382849177959
MONITOR-4 (RS57S)       
1 57182U 23091S   26257.45920958  .00008394  00000+0  29581-3 0  9993
2 57182  97.4985 321.5942 0012221 139.4636 220.7516 15.29472383177937
MONITOR-2 (RS39S)       
1 57184U 23091U   26257.62277849  .00003798  00000+0  18140-3 0  9990
2 57184  97.4976 315.3258 0011656 154.0856 206.0964 15.19598346177535
SVYATOBOR 1 (RS60S)     
1 57187U 23091X   26257.62175657  .00007152  00000+0  26488-3 0  9999
2 57187  97.4997 321.9749 0010273 131.6664 228.5456 15.27916967177965
VIZARD-METEO (RS38S)    
1 57189U 23091Z   26257.45087763  .00014103  00000+0  37159-3 0  9993
2 57189  97.5006 328.8549 0008087 109.5644 250.6475 15.38602116178402
POLYTECH-UNIVERSE 3 (R*)
1 57191U 23091AB  26257.50574373  .00004005  00000+0  18964-3 0  9993
2 57191  97.4952 314.7148 0015424 172.2368 187.9109 15.19814861177514
UTMN 2 (RS27S)          
1 57203U 23091AP  26257.61378649  .00011012  00000+0  33687-3 0  9992
2 57203  97.4999 326.1598 0008829 117.9838 242.2299 15.33986269178248
KUZGTU 1 (RS47S)        
1 57217U 23091AV  26257.45801805  .00009782  00000+0  32209-3 0  9994
2 57217  97.4972 322.9209 0011531 135.0591 225.1586 15.31638617178033
SONATE-2                
1 59112U 24043Q   26257.24223457  .00044891  00000+0  44284-3 0  9992
2 59112  97.5625  53.6316 0005343 228.2755 131.8048 15.65799600141799
MESAT1                  
1 60209U 24125G   26257.60035585  .00091177  00000+0  60109-3 0  9998
2 60209  97.2111 117.7888 0005892 221.9907 138.0907 15.75343986123582
GRBBETA                 
1 60237U 24128C   26257.53551428  .00002351  00000+0  16864-3 0  9998
2 60237  61.9881 262.6541 0027535 154.3428 205.9038 15.07170935119734
OOV-CUBE (TUBSAT-30)    
1 60240U 24128F   26256.54282977  .00001228  00000+0  10524-3 0  9991
2 60240  61.9931 277.4049 0032208 154.2894 205.9807 15.03092161119396
COLIBRI-S (RS67S)       
1 61746U 24199M   26257.63297805  .00021146  00000+0  36133-3 0  9993
2 61746  97.2803 132.4561 0006398 329.3470  30.7407 15.51297151151264
HORS 3 (RS81S)          
1 61753U 24199U   26257.61543065  .00039553  00000+0  46220-3 0  9990
2 61753  97.2798 135.5763 0003159 334.1771  25.9328 15.61497434151482
HORS 4 (RS82S)          
1 61754U 24199V   26257.61136523  .00064204  00000+0  54572-3 0  9998
2 61754  97.2728 137.5321 0001464 318.5837  41.5314 15.69424025151623
SIT-2086                
1 61764U 24199AF  26257.44515539  .00039264  00000+0  49349-3 0  9992
2 61764  97.2754 135.5668 0003227 303.1993  56.8954 15.59586597148310
ALTAIR (RS65S)          
1 61779U 24199AW  26257.58475249  .00008523  00000+0  22579-3 0  9996
2 61779  97.2873 126.3752 0011846 353.2513   6.8571 15.38527059150857
ASRTU-1 (AO-123)        
1 61781U 24199AY  26257.40038133  .00006324  00000+0  17744-3 0  9992
2 61781  97.2844 125.2724 0013159 356.3714   3.7432 15.36835594147628
SAMSAT-IONOSPHERE (RS7*)
1 61784U 24199BB  26257.63137866  .00061684  00000+0  59047-3 0  9995
2 61784  97.2749 136.0940 0004065 321.8882  38.2091 15.66491408151527
RTU MIREA 1 (RS51S)     
1 61785U 24199BC  26257.44642559  .00087030  00000+0  63036-3 0  9991
2 61785  97.2726 137.3716 0002502 316.9185  43.1883 15.73179765148441
LASARSAT                
1 62391U 24247Q   26256.90123737  .00035804  00000+0  58455-3 0  9992
2 62391  44.9714 121.6324 0009070 196.0682 163.9923 15.51965735 97072
CROCUBE                 
1 62394U 24247T   26256.63683198  .00042932  00000+0  62992-3 0  9998
2 62394  44.9680 118.6820 0009410 202.9408 157.1066 15.54832267 97085
TEVEL2-4                
1 63213U 25052D   26257.16710487  .00014626  00000+0  39934-3 0  9994
2 63213  97.3762 153.8308 0004121 120.1634 240.0020 15.37512722 83772
TEVEL2-5                
1 63214U 25052E   26256.67827196  .00016374  00000+0  45012-3 0  9992
2 63214  97.3761 153.2599 0003957 122.7443 237.4184 15.37274978 83690
TEVEL2-6                
1 63215U 25052F   26257.14822892  .00014678  00000+0  40406-3 0  9991
2 63215  97.3764 153.7166 0003909 121.9941 238.1684 15.37256625 83760
TEVEL2-1                
1 63217U 25052H   26256.69026919  .00014307  00000+0  40231-3 0  9993
2 63217  97.3738 152.7684 0003718 133.3229 226.8326 15.36601017 83676
TEVEL2-3                
1 63218U 25052J   26257.13691659  .00014256  00000+0  39975-3 0  9999
2 63218  97.3740 153.2516 0003583 130.0894 230.0664 15.36689120 83743
TEVEL2-2                
1 63219U 25052K   26256.68989635  .00014209  00000+0  39941-3 0  9994
2 63219  97.3739 152.7722 0003714 133.6739 226.4814 15.36614752 83675
OTP-2                   
1 63235U 25052AB  26257.49230198  .00006618  00000+0  26763-3 0  9998
2 63235  97.3724 148.5935 0005402 190.8151 169.2971 15.25039566 83473
TEVEL2-9                
1 63237U 25052AD  26257.44020036  .00013153  00000+0  39658-3 0  9992
2 63237  97.3795 152.6908 0006081 163.0456 197.0992 15.34415042 83708
TEVEL2-7                
1 63238U 25052AE  26256.65221529  .00013320  00000+0  40647-3 0  9991
2 63238  97.3799 151.7775 0006007 167.3882 192.7513 15.34030967 83578
TEVEL2-8                
1 63239U 25052AF  26257.50920075  .00013336  00000+0  40679-3 0  9991
2 63239  97.3801 152.6084 0006101 163.8267 196.3172 15.34042962 83703
INNOSAT 16 (RS92S7)     
1 64878U 25155C   26257.58082536  .00004613  00000+0  18046-3 0  9995
2 64878  97.4679 224.5315 0008839 222.8877 137.1673 15.26305921 94301
GEOSCAN 6 (RS92S6)      
1 64879U 25155D   26257.59582289  .00008895  00000+0  29291-3 0  9997
2 64879  97.4666 226.6470 0006323 204.7842 155.3097 15.31706808 94442
GEOSCAN 1 (RS92S1)      
1 64880U 25155E   26257.62460052  .00009305  00000+0  29939-3 0  9992
2 64880  97.4662 226.9107 0006230 203.9850 156.1102 15.32440577 94464
239ALFEROV (RS61S)      
1 64881U 25155F   26257.58062168  .00012621  00000+0  37138-3 0  9999
2 64881  97.4657 227.7641 0005769 199.2693 160.8333 15.35199136 94518
GEOSCAN 2 (RS92S2)      
1 64890U 25155Q   26257.60342090  .00009758  00000+0  31143-3 0  9994
2 64890  97.4661 227.0756 0006119 187.5397 172.5754 15.32686624 94476
GEOSCAN 5 (RS92S5)      
1 64891U 25155R   26257.61730853  .00012800  00000+0  37324-3 0  9993
2 64891  97.4651 227.9712 0004657 201.4138 158.6911 15.35489903 94532
GEOSCAN 4 (RS92S4)      
1 64892U 25155S   26257.59123789  .00012912  00000+0  37413-3 0  9998
2 64892  97.4656 228.0231 0004516 200.1976 159.9090 15.35685235 94534
GEOSCAN 3 (RS92S3)      
1 64893U 25155T   26257.58997743  .00016526  00000+0  44005-3 0  9997
2 64893  97.4640 228.7470 0004422 195.8065 164.3042 15.38262863 94588
INNOSAT 3 (RS92S0)      
1 64894U 25155U   26257.57108318  .00039388  00000+0  68902-3 0  9992
2 64894  97.4578 231.6860 0004012 165.8897 194.2467 15.50525325 94784
KNACKSAT-2              
1 67683U 98067XZ  26257.22317614  .00056336  00000+0  48483-3 0  9990
2 67683  51.6255 203.8302 0008001 159.8891 200.2423 15.68709818 34210
MARINA                  
1 69920U 26156BD  26256.67967705  .00001885  00000+0  19066-3 0  9990
2 69920  97.7445 156.0100 0006038 294.2224  65.8364 14.92160181 10195
