ATLAS CENTAUR 2         
1 00694U 63047A   26262.19969982  .00002126  00000+0  24778-3 0  9991
2 00694  30.3539 193.5736 0544857 346.7107  11.9639 14.12706167159008
THOR AGENA D R/B        
1 00733U 64002A   26262.34703704  .00000072  00000+0  42709-4 0  9995
2 00733  99.1135 286.1506 0033640  55.7574 304.6788 14.34095421266058
SL-3 R/B                
1 00877U 64053B   26262.07970500  .00000027  00000+0  29567-4 0  9997
2 00877  65.0757 124.2045 0076626 231.2639 128.1596 14.61464356295058
SL-8 R/B                
1 02802U 67045B   26262.26488279  .00000117  00000+0  40291-4 0  9996
2 02802  74.0138 346.5398 0065218 306.7284  52.7895 14.45720724116995
SL-8 R/B                
1 03230U 68040B   26262.37059003  .00001488  00000+0  10959-3 0  9998
2 03230  74.0275 277.6075 0023066  42.0150 318.2803 15.04214574119120
OAO 2                   
1 03597U 68110A   26262.35665716  .00000131  00000+0  40414-4 0  9998
2 03597  34.9930 263.8592 0005898 307.2753  52.7400 14.47381177 47176
ISIS 1                  
1 03669U 69009A   26262.10379780  .00000111  00000+0  63948-4 0  9997
2 03669  88.4386 134.0870 1707963  58.6602 317.0398 11.30449933370385
SERT 2                  
1 04327U 70009A   26262.60534682  .00000002  00000+0  59187-4 0  9999
2 04327  99.2872 195.2591 0005543  38.3252 135.0240 13.58746183806226
SL-3 R/B                
1 05118U 71028B   26262.80870216  .00076661  00000+0  40265-3 0  9998
2 05118  81.2288 169.0611 0006646 316.2674  43.8062 15.80448836 19135
ASTEX 1                 
1 05560U 71089A   26262.62762257  .00000243  00000+0  61677-4 0  9995
2 05560  92.7110 214.3101 0016746 142.2990 217.9393 14.50913261890420
SL-8 R/B                
1 05730U 71119B   26262.50567645  .00005731  00000+0  29584-3 0  9996
2 05730  73.8864 172.5623 0537747  99.1796 267.0573 14.40414966683379
OAO 3 (COPERNICUS)      
1 06153U 72065A   26262.41507924  .00000190  00000+0  43263-4 0  9996
2 06153  35.0055 273.4801 0007048 303.0715 199.9669 14.60103772874524
ATLAS CENTAUR R/B       
1 06155U 72065B   26262.64864843  .00000568  00000+0  79912-4 0  9998
2 06155  35.0010 248.6993 0033743 204.2062 155.7053 14.78049477869971
SL-8 R/B                
1 08459U 75112B   26262.70699242  .00000142  00000+0  55088-4 0  9995
2 08459  74.0628  21.9789 0014711  62.0631 298.2011 14.38280359659762
SL-3 R/B                
1 10114U 77057B   26262.80584882  .00008324  00000+0  15223-3 0  9996
2 10114  97.5879  84.0927 0005184 306.2781  53.7990 15.49631897698356
SEASAT 1                
1 10967U 78064A   26262.51426816  .00000095  00000+0  64921-4 0  9998
2 10967 108.0074 172.2843 0002288 298.1146  61.9769 14.46289538534531
SL-14 R/B               
1 11267U 79011B   26262.73518509  .00000321  00000+0  28997-4 0  9995
2 11267  82.5205 272.4271 0017274 125.8513 234.4314 14.92080743557716
SL-8 R/B                
1 11574U 79089B   26262.80646941  .00000102  00000+0  38731-4 0  9995
2 11574  74.0664  91.6965 0016328 216.9254 143.0780 14.42437508464096
SL-14 R/B               
1 11672U 80005B   26262.33929234  .00000286  00000+0  26273-4 0  9992
2 11672  82.5131 123.5371 0014339 234.4528 125.5355 14.91097443505344
SL-8 R/B                
1 12139U 81003B   26262.81375617  .00012107  00000+0  28354-3 0  9999
2 12139  82.9341 109.6414 0238939 219.6178 138.7390 15.17313454344059
SL-3 R/B                
1 12465U 81046B   26262.80464424  .00008268  00000+0  16796-3 0  9992
2 12465  81.2287  55.9114 0017792  62.1542 298.1503 15.45982481468383
SL-3 R/B                
1 12904U 81103B   26262.75216381  .00002368  00000+0  99649-4 0  9999
2 12904  81.1609 345.4729 0012403 356.2471   3.8666 15.22926852  2761
SL-3 R/B                
1 13068U 82013B   26262.76128117  .00002305  00000+0  95496-4 0  9999
2 13068  81.1721 293.0066 0020593 242.1939 117.7207 15.23315559433885
SL-3 R/B                
1 13154U 82039B   26262.74709661  .00001339  00000+0  77972-4 0  9995
2 13154  81.1486 351.8368 0031986  41.0522 319.3102 15.10913897410939
SL-3 R/B                
1 13403U 82079B   26262.79125027  .00002902  00000+0  10935-3 0  9991
2 13403  81.1471 323.5233 0022921 225.3411 134.5956 15.26502918407294
SL-14 R/B               
1 13553U 82092B   26262.55716633  .00000215  00000+0  21297-4 0  9994
2 13553  82.5691 320.0038 0020800  22.2172 113.5988 14.86804074357734
SL-3 R/B                
1 13819U 83010B   26262.35490319  .00010740  00000+0  18055-3 0  9999
2 13819  81.1000 123.7980 0015498  85.6764 274.6254 15.51460988387923
SL-3 R/B                
1 14208U 83075B   26262.79001784  .00006699  00000+0  15795-3 0  9991
2 14208  97.6125 275.2840 0018020 250.9710 108.9585 15.42100232360038
COSMOS 1536             
1 14699U 84013A   26262.28855388  .00003667  00000+0  14129-3 0  9991
2 14699  82.5414 275.0580 0012511 327.6398  32.4071 15.25949446302124
SL-14 R/B               
1 14820U 84027B   26262.74972529  .00000273  00000+0  28259-4 0  9990
2 14820  82.5394  63.0162 0019150  53.7853 306.5131 14.86112707276453
SL-8 R/B                
1 15483U 85006B   26262.43272317  .00000108  00000+0  44547-4 0  9993
2 15483  74.0427 264.6253 0017285 134.1905 298.0387 14.37864549181874
SL-12 R/B(2)            
1 15772U 85042D   26262.79223170  .00000091  00000+0  62302-4 0  9996
2 15772  71.1091  37.6328 0035279 187.0984 321.8038 14.22021721141985
SL-14 R/B               
1 15945U 85069B   26262.54026402  .00000281  00000+0  28971-4 0  9994
2 15945  82.5286 202.6224 0017120 270.4301  89.4954 14.86572025201634
SL-16 R/B               
1 16182U 85097B   26262.80711270 -.00000195  00000+0 -73705-4 0  9993
2 16182  71.0004  91.8735 0009161 309.7192  61.7634 14.16619343114723
SL-14 R/B               
1 16496U 86006B   26262.73149598  .00000288  00000+0  27703-4 0  9990
2 16496  82.5234  77.1282 0075952 350.4093   9.5668 14.87015106178048
COSMOS 1743             
1 16719U 86034A   26262.63718720  .00066669  00000+0  41432-3 0  9996
2 16719  82.5229 227.5928 0001850 111.8380 248.3082 15.76746335210620
SL-14 R/B               
1 16792U 86046B   26262.71218157  .00000280  00000+0  29337-4 0  9996
2 16792  82.4784 256.8546 0021820 309.3107  50.6174 14.85725826155217
SL-14 R/B               
1 16882U 86055B   26262.08912106  .00000228  00000+0  23277-4 0  9990
2 16882  82.5196 304.8557 0020112  55.1506 333.8390 14.85777869148080
AJISAI (EGS)            
1 16908U 86061A   26262.82138053 -.00000085  00000+0  85625-4 0  9996
2 16908  50.0079 216.3972 0011356  61.1064  26.8321 12.44517418492173
SL-14 R/B               
1 17567U 87024B   26262.74242090  .00000253  00000+0  25931-4 0  9996
2 17567  82.5245 270.3766 0017662 342.9403  17.1217 14.86267633116959
COSMOS 1833             
1 17589U 87027A   26262.47027088 -.00000308  00000+0 -13850-3 0  9990
2 17589  70.9154 278.7003 0026850 272.1556  87.6490 14.13046681 37697
SL-16 R/B               
1 17590U 87027B   26262.37506459  .00000255  00000+0  15000-3 0  9993
2 17590  71.0014 228.3433 0005757 209.4821 150.5978 14.17184734 42788
SL-14 R/B               
1 17912U 87038B   26262.02910582  .00000223  00000+0  22992-4 0  9995
2 17912  82.4991 114.6843 0017800 243.6763 116.2625 14.85497711107939
COSMOS 1844             
1 17973U 87041A   26262.22666112 -.00000209  00000+0 -83531-4 0  9997
2 17973  70.9012 345.9461 0028430  92.0104 268.4274 14.14578969 30957
SL-14 R/B               
1 18153U 87055B   26262.17401960  .00000258  00000+0  26789-4 0  9999
2 18153  82.5022 166.6354 0022173  93.3284 267.0469 14.85761411 98665
COSMOS 1867             
1 18187U 87060A   26262.09588930 -.00000067  00000+0  12451-4 0  9996
2 18187  65.0095 125.0611 0018574 280.7728  79.1265 14.31524156 47628
SL-14 R/B               
1 18749U 88001B   26262.58648068  .00000265  00000+0  27732-4 0  9996
2 18749  82.5163  12.9430 0016990 320.9152  39.0835 14.85662002 70810
COSMOS 1933             
1 18958U 88020A   26261.71248072  .00003089  00000+0  14526-3 0  9997
2 18958  82.5113  59.7618 0002734 237.2405 122.8566 15.19222616 79526
SL-3 R/B                
1 19046U 88032B   26262.77033008  .00002949  00000+0  13343-3 0  9997
2 19046  97.5367 245.8120 0023267 277.2165  82.6425 15.21492561 81609
SL-16 R/B               
1 19120U 88039B   26262.61025286 -.00000158  00000+0 -51726-4 0  9999
2 19120  71.0171  18.4961 0020400  37.5113 322.7431 14.19637669985902
COSMOS 1953             
1 19210U 88050A   26262.42414692  .00004529  00000+0  14931-3 0  9994
2 19210  82.5083 322.9261 0011414 151.7192 208.4671 15.31116560 67407
SL-8 R/B                
1 19257U 88053B   26262.08869809  .00000140  00000+0  53911-4 0  9991
2 19257  74.0457 115.9638 0021081 249.4190 277.2695 14.38996362  4303
COSMOS 1975             
1 19573U 88093A   26262.34060454  .00004636  00000+0  15656-3 0  9991
2 19573  82.5162 282.9231 0010515 196.4512 163.6389 15.30357828 49009
SL-14 R/B               
1 19574U 88093B   26262.70654031  .00000290  00000+0  30380-4 0  9996
2 19574  82.5310 219.8978 0022090 114.1278  19.0782 14.85792025 29829
SL-16 R/B               
1 19650U 88102B   26262.86690764  .00000087  00000+0  67976-4 0  9997
2 19650  70.9978 102.9220 0012106  71.7393 288.5046 14.16175508954389
INTERCOSMOS 24          
1 20261U 89080A   26262.21033039  .00000476  00000+0  13710-3 0  9996
2 20261  82.6104 338.4447 1186906 203.5817 150.6299 12.59734737691167
SL-14 R/B               
1 20262U 89080C   26262.65115755  .00000232  00000+0  59934-4 0  9990
2 20262  82.5923  48.6023 1230339 101.3722 272.7842 12.50606523684395
DELTA 1 R/B             
1 20323U 89089B   26261.95118292  .00000225  00000+0  64260-4 0  9998
2 20323  97.0662  78.5262 0067794 230.8858 128.6300 14.50776450923754
ARIANE 40 R/B           
1 20443U 90005H   26262.40851455  .00000109  00000+0  47911-4 0  9992
2 20443  98.2863 317.0500 0009686 348.8697  11.2276 14.39964383920685
DELTA 2 R/B(1)          
1 20453U 90008B   26262.56863683  .00305920  37924-4  68763-3 0  9995
2 20453  35.5929 314.3651 0023167 300.3236  59.5221 15.96130400956630
COSMOS 2058             
1 20465U 90010A   26262.29391664  .00003051  00000+0  17369-3 0  9992
2 20465  82.4670 216.5093 0010733  37.4815 322.7162 15.12451745971492
SL-14 R/B               
1 20466U 90010B   26261.91224345  .00000242  00000+0  26352-4 0  9994
2 20466  82.4986  85.9140 0020420  26.9797 333.2475 14.83693863957135
SL-14 R/B               
1 20511U 90018B   26262.38611729  .00000295  00000+0  33897-4 0  9991
2 20511  82.5214  42.0331 0016306 169.7672 190.3878 14.82265709951274
HST                     
1 20580U 90037B   26262.06053281  .00004982  00000+0  15075-3 0  9990
2 20580  28.4729 158.5121 0001930 104.6713 255.4097 15.31690777802971
SL-16 R/B               
1 20625U 90046B   26262.67413280 -.00000166  00000+0 -60876-4 0  9998
2 20625  70.9964 250.5004 0014048 359.8558   0.2558 14.15032164875836
COSMOS 2084             
1 20663U 90055A   26262.79507991  .00001408  00000+0  10860-3 0  9991
2 20663  62.7899  33.0928 0017888 349.8169  10.2567 15.06441814965552
SL-6 R/B(2)             
1 20666U 90055D   26262.58468220  .00000811  00000+0  70936-4 0  9990
2 20666  62.7821 314.0710 0055324  17.2054 343.0904 15.04288087967358
SL-8 R/B                
1 20775U 90078B   26262.23950561  .00011849  00000+0  32160-3 0  9991
2 20775  82.8981  76.4381 0341202  79.3946 284.5509 14.95057410838163
SL-8 R/B                
1 21088U 91006B   26262.26262059  .00000109  00000+0  94036-4 0  9990
2 21088  82.9447  26.0247 0021822 209.7766 166.4517 13.77523240790727
OKEAN-3                 
1 21397U 91039A   26262.11952122  .00001435  00000+0  97128-4 0  9998
2 21397  82.5185 149.2836 0014836  35.4297 324.7912 15.05688916894130
COSMOS 2151             
1 21422U 91042A   26262.81755949  .00000922  00000+0  70597-4 0  9997
2 21422  82.4929 256.3410 0013765 118.9840 241.2766 15.00647619892300
SL-14 R/B               
1 21423U 91042B   26261.66999920  .00000267  00000+0  30679-4 0  9998
2 21423  82.4933  39.2040 0016205 331.4649  28.5677 14.81947697881654
ERS-1                   
1 21574U 91050A   26262.06787891  .00000176  00000+0  70802-4 0  9992
2 21574  98.7777 285.0515 0031626 350.5304   9.5283 14.39566467843553
ARIANE 40 R/B           
1 21610U 91050F   26262.00675646  .00000174  00000+0  64228-4 0  9994
2 21610  98.1789 306.7296 0002848 183.6700 176.4470 14.43002233846878
INTERCOSMOS 25          
1 21819U 91086A   26262.28669336  .00001368  00000+0  26120-3 0  9997
2 21819  82.6072 192.8931 1485453  59.4212 314.5006 12.12344702520141
SL-8 R/B                
1 21876U 92008B   26262.86486355  .00000088  00000+0  74948-4 0  9997
2 21876  82.9252 123.4038 0033813 313.9929  56.9697 13.75993133736124
SL-8 R/B                
1 21938U 92020B   26262.60481801  .00000074  00000+0  60504-4 0  9991
2 21938  82.9346   9.7128 0030331 115.5992 256.1513 13.75560495727796
USA 81                  
1 21949U 92023A   26262.30067137  .00000124  00000+0  38428-4 0  9991
2 21949  85.0111  19.6718 0002542 104.8696 255.2778 14.32418427122504
COSMOS 2219             
1 22219U 92076A   26262.48323373 -.00000293  00000+0 -12874-3 0  9991
2 22219  71.0625 332.9461 0020678 265.2831  94.5930 14.14110739745778
SL-16 R/B               
1 22220U 92076B   26262.44248034  .00000204  00000+0  12565-3 0  9996
2 22220  70.9998 140.2305 0012185 169.3650   3.7331 14.16882575749277
COSMOS 2221             
1 22236U 92080A   26262.27461067  .00000991  00000+0  84333-4 0  9998
2 22236  82.5001  93.6033 0012699 260.8542  99.1244 14.96750682809746
SL-16 R/B               
1 22285U 92093B   26262.58581573 -.00000271  00000+0 -11433-3 0  9998
2 22285  71.0227 317.2184 0004634 339.5724  20.5213 14.15472606740590
COSMOS 2228             
1 22286U 92094A   26262.75733022  .00001267  00000+0  10520-3 0  9997
2 22286  82.5168  51.4183 0017959  12.8755 347.2922 14.97837540805104
SL-16 R/B               
1 22566U 93016B   26262.43458212  .00000068  00000+0  59112-4 0  9992
2 22566  71.0077 168.2569 0009436  16.8340 343.3094 14.15316384729589
COSMOS 2242             
1 22626U 93024A   26262.22573333  .00001026  00000+0  86394-4 0  9994
2 22626  82.5151  81.5473 0016550  18.8964 341.2869 14.97135863809347
SL-16 R/B               
1 22803U 93059B   26262.43200426  .00000087  00000+0  67011-4 0  9993
2 22803  70.9916 322.5543 0019427 274.5039  85.3865 14.17255919706985
ARIANE 40 R/B           
1 22830U 93061H   26262.47247852  .00000085  00000+0  46879-4 0  9991
2 22830  98.4727 327.3289 0011822  73.0118 287.2361 14.32938271721854
COSMOS 2278             
1 23087U 94023A   26262.09580000  .00000281  00000+0  17121-3 0  9993
2 23087  71.0528 130.4457 0006791  93.2176 266.9724 14.14409422672158
SL-16 R/B               
1 23088U 94023B   26262.33837469 -.00000296  00000+0 -12801-3 0  9993
2 23088  71.0018  24.2002 0004091 326.2101  33.8760 14.15030980673485
SL-16 R/B               
1 23343U 94074B   26262.34653358  .00000227  00000+0  36939-4 0  9998
2 23343  97.6958 285.1289 0005504 320.6817  49.9061 14.79567823715887
SL-16 R/B               
1 23405U 94077B   26262.80988058  .00000096  00000+0  73707-4 0  9997
2 23405  70.9822 304.0901 0004579 248.3594 111.7041 14.15579939643709
ARIANE 40+ R/B          
1 23561U 95021B   26262.48372012  .00000143  00000+0  59360-4 0  9993
2 23561  98.4327 331.1578 0005515 282.7096  87.9405 14.39874391647133
SL-16 R/B               
1 23705U 95058B   26262.04885711  .00000199  00000+0  12610-3 0  9997
2 23705  71.0203 134.2949 0012950 193.9864 166.0902 14.15515215595217
SL-16 R/B               
1 24298U 96051B   26262.07870155  .00000144  00000+0  10444-3 0  9991
2 24298  70.7678 125.9671 0018785 216.5541 143.4298 14.12481749548959
ORBVIEW 2 (SEASTAR)     
1 24883U 97037A   26262.73981528  .00000147  00000+0  67244-4 0  9990
2 24883  98.8783  72.4380 0001922 180.5914 179.5268 14.35592491536315
SL-16 R/B               
1 25400U 98043G   26262.80113638  .00000028  00000+0  30656-4 0  9996
2 25400  98.8472 217.8181 0009998 165.7513 194.3950 14.26081457466658
SL-16 R/B               
1 25407U 98045B   26262.38867559  .00000160  00000+0  10476-3 0  9990
2 25407  71.0106 134.2237 0005263  89.1145 271.0582 14.16213826454520
ISS (ZARYA)             
1 25544U 98067A   26262.82001781  .00006637  00000+0  12771-3 0  9997
2 25544  51.6308 191.7362 0004805 159.3703 200.7480 15.49182662586429
CZ-4B R/B               
1 25732U 99025C   26262.02882123  .00000004  00000+0  22384-4 0  9994
2 25732  98.6405 301.4696 0037730 147.1949 235.2637 14.18295720415576
OKEAN-O                 
1 25860U 99039A   26262.42619006  .00000315  00000+0  47911-4 0  9991
2 25860  97.9217 320.0966 0001925  85.4750 274.6682 14.80555868463053
SL-16 R/B               
1 25861U 99039B   26262.42827388  .00000258  00000+0  39335-4 0  9993
2 25861  97.9736 320.9750 0014512 353.9706   6.1330 14.81922046465552
DELTA 2 R/B             
1 25876U 99041E   26262.37534359  .00000011  00000+0  40453-4 0  9999
2 25876  51.7620 247.3931 0500352 200.1181 157.9390 14.12252137390394
HELIOS 1B               
1 25977U 99064A   26262.18035176  .00000827  00000+0  95971-4 0  9998
2 25977  98.1513 170.0009 0002112 113.0150 247.1288 14.88207352714030
TERRA                   
1 25994U 99068A   26262.80883622  .00000183  00000+0  46093-4 0  9993
2 25994  97.9362 308.5603 0001035 317.5032 175.9574 14.61162415423426
SL-16 R/B               
1 26070U 00006B   26262.66609969  .00000245  00000+0  14880-3 0  9994
2 26070  71.0022  49.9626 0018545 248.8632 111.0509 14.15844674376019
TITAN 4B R/B            
1 26474U 00047B   26262.75544058  .00001664  00000+0  10685-3 0  9999
2 26474  67.9868 214.2879 0041508 189.9494 170.0840 15.10622827422219
ENVISAT                 
1 27386U 02009A   26262.62361248  .00000051  00000+0  30413-4 0  9997
2 27386  98.3928 211.8739 0001236  90.8743  89.8877 14.39082884287068
IDEFIX & ARIANE 42P R/B 
1 27422U 02021B   26262.30674137  .00000133  00000+0  67256-4 0  9997
2 27422  98.5982 198.7840 0011583 343.7157  16.3652 14.31117820271714
AQUA                    
1 27424U 02022A   26262.82774234  .00000472  00000+0  10363-3 0  9998
2 27424  98.4400 234.0569 0001480  65.4098 331.7630 14.62206544297106
CZ-4B R/B               
1 27432U 02024C   26262.61049779 -.00000008  00000+0  18424-4 0  9998
2 27432  98.8603 314.7743 0050001 190.8525 297.7543 14.14575755256654
MIDORI II (ADEOS-II)    
1 27597U 02056A   26262.35879341  .00000152  00000+0  77566-4 0  9993
2 27597  98.7994 222.4673 0001799 115.6523 244.4845 14.29390117237968
H-2A R/B                
1 27601U 02056E   26262.37806376  .00000169  00000+0  74198-4 0  9995
2 27601  98.3419 215.6625 0069162 305.3849 217.5432 14.33863939241869
CZ-4B R/B               
1 28059U 03049C   26262.02351330  .00000235  00000+0  65516-4 0  9991
2 28059  98.6959 264.6344 0048151   3.1599 356.9892 14.55153382214711
SL-16 R/B               
1 28353U 04021B   26262.20787399 -.00000139  00000+0 -47708-4 0  9995
2 28353  71.0005 186.3711 0002968 117.4880 242.6545 14.14617036150206
CZ-4B R/B               
1 28415U 04035C   26262.36645863  .00005348  00000+0  17432-3 0  9990
2 28415  97.3311 294.4237 0029944   3.0006 357.1409 15.31808021209531
CZ-2C R/B               
1 28480U 04046B   26262.21638990  .00000082  00000+0  46299-4 0  9995
2 28480  98.1835 165.0684 0138295 302.8160  55.9766 14.27052807136101
ARIANE 5 R/B            
1 28499U 04049H   26262.76839545  .00000417  00000+0  52206-4 0  9994
2 28499  98.2791  78.7333 0084981  82.2018 278.8833 14.85563422174609
CZ-2D R/B               
1 28738U 05024B   26262.04025443  .00074273  00000+0  36351-3 0  9992
2 28738  97.3423 286.9499 0003270  73.8198 286.3430 15.82072251170112
ALOS (DAICHI)           
1 28931U 06002A   26262.35595382  .00000821  00000+0  14452-3 0  9998
2 28931  98.1426 217.6849 0002081  69.9992 290.1438 14.70223748101936
H-2A R/B                
1 28932U 06002B   26262.40612895  .00004673  00000+0  21931-3 0  9993
2 28932  98.2672  66.9160 0048412 301.8023  57.8499 15.19198525123828
RESURS-DK 1             
1 29228U 06021A   26262.81732721  .00001364  00000+0  82002-4 0  9990
2 29228  69.9300  94.5301 0005160 211.3720 148.7139 15.13525705116894
CZ-4B R/B               
1 29507U 06046C   26261.38828669  .00002906  00000+0  14294-3 0  9995
2 29507  97.5364 305.7013 0031038 320.7629  39.1355 15.18417212 89276
CZ-2C R/B               
1 31114U 07010B   26262.53137005  .00000039  00000+0  36511-4 0  9991
2 31114  98.4147   6.2911 0060141  90.7932 270.0137 14.20294937  7228
COSMO-SKYMED 1          
1 31598U 07023A   26262.83110909  .00001811  00000+0  16073-3 0  9997
2 31598  97.8839  95.5097 0001804  83.2168 276.9259 14.97464524 43955
COSMOS 2428             
1 31792U 07029A   26262.15916727 -.00000004  00000+0  23778-4 0  9991
2 31792  70.9440 157.1971 0011088 324.0849  35.9526 14.12977134991421
SL-16 R/B               
1 31793U 07029B   26262.08887052 -.00000266  00000+0 -11308-3 0  9998
2 31793  70.9746 125.8374 0002163 279.7093 241.9198 14.14862817992722
KORONAS-FOTON           
1 33504U 09003A   26262.72937137  .00009965  00000+0  19234-3 0  9994
2 33504  82.4266  73.4770 0009944 165.8305 194.3225 15.47591603975713
CZ-2C R/B               
1 37731U 11030B   26262.34084541  .00000736  00000+0  98099-4 0  9997
2 37731  97.8761 216.0847 0053614  80.1999  72.5293 14.81627634818764
H-2A R/B                
1 38341U 12025E   26261.93699242  .00001466  00000+0  13419-3 0  9997
2 38341  98.4942 244.8890 0044588  41.2034 319.2536 14.96063090777104
SHIJIAN-16 (SJ-16)      
1 39358U 13057A   26262.87577769  .00001219  00000+0  12048-3 0  9998
2 39358  74.9731 177.3202 0015755 356.2520   3.8547 14.92788626700477
SL-4 R/B                
1 39679U 14021B   26262.30650634  .00011911  00000+0  23202-3 0  9991
2 39679  51.6042 109.0490 0087249  91.8988 269.1993 15.43944927686142
ALOS-2                  
1 39766U 14029A   26262.82516362  .00000643  00000+0  92934-4 0  9991
2 39766  97.9221 358.6338 0001518  92.8707 267.2678 14.79475093665573
YAOGAN-29               
1 41038U 15069A   26262.83344052  .00000140  00000+0  23844-4 0  9993
2 41038  97.9989 291.5953 0002948  81.0422 279.1125 14.83145522584653
ASTRO-H (HITOMI)        
1 41337U 16012A   26262.12092267  .00002071  00000+0  11571-3 0  9992
2 41337  30.9982 187.3541 0009347 119.6089 240.5481 15.10880364581506
HXMT (HUIYAN)           
1 42758U 17034A   26262.76826736  .00003181  00000+0  15823-3 0  9998
2 42758  43.0152  16.1035 0030903  23.4397 336.7853 15.19165140512042
SAOCOM 1A               
1 43641U 18076A   26262.85335763 -.00000079  00000+0 -33879-5 0  9990
2 43641  97.8900  88.2432 0001424  80.9408 279.1966 14.82146808430122
H-2A R/B                
1 43682U 18084L   26262.63721117  .00017292  00000+0  32321-3 0  9994
2 43682  98.8413 162.3677 0022712  68.3714 291.9948 15.48560770435729
SAOCOM 1B               
1 46265U 20059A   26262.81707912  .00000662  00000+0  89776-4 0  9996
2 46265  97.8908  87.3087 0001411  79.0382 281.0989 14.82149749327508
CSS (TIANHE)            
1 48274U 21035A   26262.83410796  .00014951  00000+0  18266-3 0  9997
2 48274  41.4678 107.3304 0002590 292.1242  67.9322 15.60113249307947
COSMOS 2550             
1 48865U 21056A   26262.24901972  .00003613  00000+0  11557-3 0  9991
2 48865  67.1430 175.3686 0008361 268.0850  91.9347 15.33839506293142
CZ-2C R/B               
1 52794U 22058K   26262.65846351  .00043068  00000+0  35938-3 0  9991
2 52794  50.1843  29.4229 0029921 307.7732  52.0535 15.68975590240449
CZ-2C R/B               
1 54039U 22132E   26262.01873360  .00099815  00000+0  41789-3 0  9990
2 54039  97.2885 274.1153 0012304  87.7720 272.4960 15.85214268220743
GSLV R/B                
1 54149U 22138AN  26262.80950044  .00001214  00000+0  10099-3 0  9996
2 54149  87.3732 101.1708 0021897 158.7107 201.5041 14.97593442212971
XRISM                   
1 57800U 23137A   26262.87142868  .00003398  00000+0  18150-3 0  9998
2 57800  31.0014 105.9405 0007450 201.6688 158.3636 15.13146160167219
ACS3                    
1 59588U 24077B   26262.45236220  .00007839  00000+0  54648-2 0  9992
2 59588  97.2212 160.6873 0066961 330.9745  28.7707 13.97701462121195
SPACEMOBILE-003         
1 61045U 24163A   26262.66191922  .00001076  00000+0  63530-4 0  9990
2 61045  52.9679 235.0581 0006706  46.5917 313.5634 15.20415547112149
SPACEMOBILE-005         
1 61046U 24163B   26261.66045588  .00002854  00000+0  14414-3 0  9997
2 61046  52.9744 239.6644 0009435  38.1928 321.9733 15.20366966111988
SPACEMOBILE-001         
1 61047U 24163C   26262.31680073 -.00000281  00000+0  21314-5 0  9997
2 61047  52.9685 236.3302 0007694  48.2054 311.9596 15.20393601112089
SPACEMOBILE-002         
1 61048U 24163D   26261.90665707  .00013366  00000+0  61751-3 0  9993
2 61048  52.9772 238.2888 0007463  47.0318 313.1301 15.20483590112020
SPACEMOBILE-004         
1 61049U 24163E   26262.34918765  .00010706  00000+0  49715-3 0  9999
2 61049  52.9715 236.0061 0010653  70.4349 289.7795 15.20502119112097
CZ-8A R/B               
1 66004U 25231K   26262.52188935  .00000007  00000+0  60777-4 0  9995
2 66004  50.0064 357.9550 0116813 196.4006 163.3116 14.30183022 48448
SZ-21 MODULE            
1 66515U 25246C   26262.79020192  .00068397  00000+0  26788-3 0  9996
2 66515  41.4702  74.2737 0011480 331.5770  28.4450 15.85904869 48711
SPACEMOBILE-006         
1 67232U 25309A   26261.29202904  .00002522  00000+0  13443-3 0  9992
2 67232  52.9955 265.0568 0012143  62.8179 297.4051 15.18908841 40741
SPACEMOBILE-008         
1 69589U 26139A   26262.54452352  .00001256  00000+0  87204-4 0  9994
2 69589  52.9951 194.1287 0002418 245.4413 114.6326 15.12987975 14260
SPACEMOBILE-009         
1 69590U 26139B   26262.48500238  .00001427  00000+0  97004-4 0  9995
2 69590  52.9942 194.4574 0002721 239.2900 120.7823 15.12882847 14254
SPACEMOBILE-010         
1 69591U 26139C   26262.29661731  .00001543  00000+0  10391-3 0  9993
2 69591  52.9946 195.4230 0002971 224.4487 135.6266 15.12740207 14239
